-0.000000153374
-0.000000153374
-0.000000153374
-0.000000122699
-0.000000127082
-0.000000122699
-0.000000118317
-0.000000096407
-0.000000096407
-0.000000092025
-0.000000074496
-0.000000092025
-0.000000056968
-0.000000078878
-0.000000048203
-0.000000074496
-0.000000074496
-0.000000078878
-0.000000056968
-0.000000078878
-0.000000065732
-0.000000078878
-0.000000065732
-0.000000087642
-0.000000065732
-0.000000078878
-0.000000074496
-0.000000070114
-0.000000113935
-0.000000070114
-0.000000096407
-0.000000109553
-0.000000105171
-0.000000113935
-0.000000127082
-0.000000131464
-0.000000157756
-0.000000135846
-0.000000175285
-0.000000175285
-0.000000175285
-0.000000179667
-0.000000210342
-0.000000210342
-0.000000201578
-0.000000245399
-0.000000219106
-0.000000254163
-0.000000258545
-0.000000271691
-0.000000276074
-0.000000293602
-0.000000297984
-0.000000315513
-0.000000346188
-0.000000333041
-0.000000346188
-0.000000363716
-0.000000390009
-0.000000372480
-0.000000407537
-0.000000381245
-0.000000416301
-0.000000407537
-0.000000438212
-0.000000425066
-0.000000442594
-0.000000451358
-0.000000468887
-0.000000473269
-0.000000455741
-0.000000486415
-0.000000486415
-0.000000503944
-0.000000495180
-0.000000508326
-0.000000490798
-0.000000539001
-0.000000482033
-0.000000543383
-0.000000503944
-0.000000499562
-0.000000530237
-0.000000512708
-0.000000517090
-0.000000503944
-0.000000517090
-0.000000517090
-0.000000503944
-0.000000512708
-0.000000517090
-0.000000486415
-0.000000508326
-0.000000473269
-0.000000512708
-0.000000473269
-0.000000473269
-0.000000460123
-0.000000460123
-0.000000451358
-0.000000442594
-0.000000416301
-0.000000433830
-0.000000398773
-0.000000416301
-0.000000390009
-0.000000390009
-0.000000398773
-0.000000333041
-0.000000390009
-0.000000324277
-0.000000359334
-0.000000302366
-0.000000328659
-0.000000302366
-0.000000293602
-0.000000262927
-0.000000258545
-0.000000258545
-0.000000241017
-0.000000236635
-0.000000223488
-0.000000214724
-0.000000175285
-0.000000223488
-0.000000166521
-0.000000179667
-0.000000153374
