0
-130000
-265500
-394000
-525000
-656000
-779000
-905000
-1033500
-1148500
-1280500
-1378500
-1496000
-1616000
-1703000
-1817500
-1903000
-2000000
-2099000
-2154000
-2250500
-2318000
-2379000
-2462000
-2477000
-2551000
-2598000
-2623000
-2673500
-2662000
-2698000
-2722500
-2706500
-2727500
-2700000
-2688500
-2693000
-2625000
-2629000
-2572000
-2526000
-2499000
-2408000
-2369500
-2298500
-2214000
-2158000
-2041500
-1971000
-1883000
-1767000
-1686000
-1557500
-1454000
-1349500
-1219500
-1108500
-981000
-854500
-735000
-597500
-471500
-339500
-206000
-75000
60500
191000
325500
452500
591500
707000
840500
967500
1085500
1213500
1318000
1437000
1555000
1645500
1761500
1847500
1939000
2047500
2095000
2197500
2258000
2325500
2402500
2422500
2494500
2535000
2565000
2620000
2604000
2643000
2662500
2643000
2671000
2634000
2631500
2621000
2569500
2559500
2506000
2456000
2429000
2335000
2296500
2217500
2142500
2083500
1968500
1898500
1804500
1696000
1605500
1482000
1376000
1271000
1142000
1034000
900000
779000
657000
520500
397000
263500
130500
1000
-130000
-264500
-393500
-527000
-655500
-778500
-907000
-1034000
-1147500
-1278000
-1379500
-1495000
-1612500
-1702000
-1822000
-1902500
-1999000
-2098000
-2158000
-2253000
-2315500
-2379000
-2466000
-2476500
-2550000
-2597000
-2621500
-2672500
-2661500
-2695000
-2722000
-2706500
-2729500
-2698500
-2688000
-2695000
-2629500
-2630000
-2571000
-2527500
-2501500
-2408000
-2367500
-2296000
-2215500
-2155500
-2041000
-1967500
-1885500
-1767000
-1685000
-1559000
-1454000
-1350500
-1219500
-1110000
-980000
-855500
-736000
-594500
-472000
-339000
-205000
-77000
62000
190000
327000
450500
590500
708500
841500
968500
1085500
1214500
1317500
1436000
1556500
1643500
1760500
1846000
1939000
2045500
2094500
2197500
2261500
2324000
2400500
2426500
2496500
2536000
2564000
2621000
2606000
2640000
2658500
2646000
2670500
2632500
2629500
2621000
2568000
2562000
2503000
2460000
2430000
2335000
2296000
2220000
2143500
2084500
1967500
1897000
1803500
1696500
1602000
1482500
1375000
1273000
1142500
1034000
900500
778500
658000
520500
395500
263500
133500
-1500
-129000
-267000
-393000
-523500
-657000
-779500
-905500
-1033500
-1149500
-1277500
-1377500
-1497500
-1614000
-1702000
-1820500
-1904500
-1999500
-2098000
-2156000
-2253500
-2316500
-2378000
-2462000
-2478500
-2549500
-2595500
-2622000
-2672500
-2663000
-2696000
-2722500
-2705500
-2728500
-2703000
-2688000
-2694000
-2627500
-2630500
-2571500
-2523000
-2503500
-2408000
-2366000
-2297500
-2213500
-2156500
-2043000
-1968000
-1883000
-1769000
-1687000
-1558000
-1453500
-1350500
-1220000
-1109500
-979500
-854500
-735500
-597500
-472000
-339000
-205000
-74500
59500
190500
326000
453000
589000
708500
841000
969000
1086500
1214500
1318000
1435000
1555500
1643500
1761000
1847000
1937500
2047500
2094500
2197500
2260000
2324000
2404500
2424000
2496500
2535500
2564000
2619000
2606000
2643000
2659500
2642000
2673000
2632500
2630000
2620000
2568000
2563500
2504000
2457500
2429500
2336000
2297500
2219000
2140500
2085500
1968500
1896000
1803000
1698000
1604000
1481500
1374500
1270500
1143500
1035500
900500
778000
657500
521000
395500
264000
133000
-2000
-128500
-266000
-395000
-523500
-656500
-779000
-905500
-1034500
-1148500
-1277500
-1379500
-1496500
-1612000
-1701500
-1822000
-1902000
-2001000
-2099000
-2156500
-2251500
-2316000
-2380500
-2462500
-2476000
-2550500
-2597500
-2621500
-2672000
-2662000
-2697000
-2723500
-2705000
-2729000
-2702000
-2690000
-2690500
-2630500
-2628000
-2572000
-2524000
-2503000
-2405500
-2369000
-2297000
-2213500
-2155000
-2044500
-1968000
-1885000
-1766500
-1686500
-1559000
-1455000
-1347500
-1219000
-1112500
-978500
-856000
-735000
-596500
-472000
-339500
-203500
-77500
62500
189500
327000
453000
591000
708500
840500
967000
1087000
1213500
1318000
1436000
1554000
1644500
1760500
1847000
1937000
2048000
2096000
2195000
2261500
2325000
2402000
2425000
2496000
2536000
2563000
2620000
2605000
2643000
2661500
2641000
2672000
2631500
2630000
2622000
2569500
2559500
2506000
2458000
2431000
2333000
2298500
2220000
2141000
2084000
1966000
1899500
1803000
1695500
1605500
1481000
1376000
1269500
1142500
1037500
899000
778500
657000
522000
396500
262000
133000
-2000
-129000
-264500
-394500
-524500
-657500
-776500
-908000
-1032000
-1148000
-1278000
-1380500
-1494500
-1614000
-1701500
-1823000
-1902000
-1997500
-2102000
-2155500
-2252000
-2316500
-2380000
-2463000
-2476500
-2548000
-2599500
-2621500
-2673000
-2659000
-2699000
-2721500
-2707000
-2729000
-2699000
-2691500
-2692500
-2628500
-2628000
-2573000
-2525000
-2504000
-2405500
-2366000
-2296500
-2217500
-2154000
-2042500
-1969000
-1883500
-1768500
-1684000
-1560000
-1454000
-1349500
-1218000
-1111500
-980000
-855000
-735000
-598000
-469500
-340500
-205000
-75000
60000
191500
325500
452500
591000
707000
842000
967000
1087000
1214500
1317500
1434500
1555000
1646000
1759500
1846500
1938500
2046000
2096000
2196000
2260000
2326500
2404000
2425500
2494000
2536000
2562000
2621500
2608000
2637000
2663500
2642000
2670500
2632500
2630000
2621000
2570000
2560000
2503500
2460000
2430500
2335000
2296500
2220500
2141500
2085000
1965000
1900000
1801000
1697000
1604500
1480500
1377000
1271000
1141000
1037000
899500
779000
658500
520500
395500
263000
133500
-1000
-130000
-264500
-395500
-524000
-656000
-778000
-908500
-1033000
-1147000
-1278500
-1379000
-1495500
-1614500
-1700000
-1822500
-1905000
-1996500
-2102500
-2155500
-2251000
-2317000
-2379000
-2461500
-2479000
-2549000
-2596000
-2622500
-2673000
-2661500
-2696500
-2720500
-2707500
-2732500
-2697500
-2691000
-2692000
-2630000
-2629000
-2571500
-2524000
-2502000
-2406000
-2369000
-2295500
-2216500
-2153000
-2043500
-1969000
-1884500
-1769000
-1685500
-1557500
-1455500
-1350000
-1218000
-1110500
-979000
-856000
-734000
-598500
-470500
-341000
-203500
-75000
60000
191000
325500
454000
589500
709500
840500
969500
1083500
1215000
1316000
1439000
1553500
1644000
1758500
1848500
1938500
2045500
2096500
2196000
2261500
2326000
2402500
2424500
2497000
2533500
2565000
2619500
2606000
2638500
2662000
2641000
2673500
2632500
2627000
2623500
2570000
2561000
2503500
2461500
2428000
2337000
2295000
2221000
2139500
2085000
1968000
1897500
1801000
1698500
1604500
1479000
1377000
1271500
1142500
1035500
901000
777000
658000
519500
398000
261000
135500
-2500
-129500
-265500
-393000
-524000
-658500
-776500
-907500
-1032000
-1150000
-1277500
-1379000
-1495000
-1616500
-1701000
-1820000
-1905000
-1998500
-2099500
-2155500
-2252000
-2316500
-2378500
-2461500
-2477500
-2552000
-2596500
-2620000
-2674500
-2661000
-2698000
-2721000
-2705000
-2730000
-2702500
-2689000
-2691000
-2628500
-2629000
-2572500
-2523000
-2502500
-2406000
-2370500
-2294500
-2216500
-2155000
-2043000
-1970000
-1882000
-1770500
-1686000
-1557500
-1455000
-1348500
-1218000
-1113000
-978000
-856000
-733500
-598500
-469500
-342500
-204500
-75000
60000
191000
326000
453500
590500
709000
840000
969000
1085000
1215500
1314500
1438000
1553500
1645500
1759000
1846000
1940000
2045000
2096000
2197500
2260000
2327500
2401000
2424500
2498500
2535000
2565000
2617000
2608000
2639500
2662500
2641500
2669500
2633500
2629000
2622000
2567500
2562000
2506000
2459000
2429000
2335500
2297500
2221000
2138500
2088000
1965500
1898000
1802000
1696000
1604000
1481000
1376000
1271000
1143000
1035500
900000
778000
659000
519500
398500
260500
133500
0
-130500
-265000
-393500
-525000
-657500
-777000
-907000
-1032500
-1149500
-1277000
-1381000
-1494500
-1615000
-1700000
-1822500
-1903500
-1998000
-2102500
-2153500
-2253000
-2315000
-2381000
-2460500
-2478000
-2547000
-2599500
-2621000
-2673500
-2659500
-2699500
-2722500
-2704000
-2731000
-2701000
-2690500
-2692000
-2629000
-2627500
-2573000
-2524500
-2503000
-2405500
-2368500
-2294000
-2217000
-2155500
-2041000
-1971000
-1884500
-1767500
-1685000
-1558500
-1455500
-1348500
-1218000
-1112000
-978500
-856000
-732500
-600500
-470000
-341000
-205000
-75000
60000
191500
326500
452000
592500
707500
841500
968500
1082500
1217500
1314500
1437000
1553000
1645000
1761000
1845500
1939000
2046500
2097000
2195500
2262500
2325000
2406500
2422000
2496500
2533500
2565500
2617500
2607000
2639000
2662000
2643000
2668500
2634000
2630000
2621500
2571000
2560500
2504000
2461500
2428500
2336000
2294500
2222000
2140000
2086000
1965500
1897500
1804000
1694500
1605500
1481000
1375500
1271500
1142000
1035000
901500
777500
659000
519500
397000
262500
133000
-500
-130000
-265000
-394500
-524000
-657000
-778500
-907000
-1031500
-1151500
-1276000
-1382000
-1492500
-1614500
-1703000
-1821500
-1903000
-1996000
-2101500
-2155500
-2253500
-2313500
-2381000
-2461000
-2479500
-2548000
-2598500
-2622500
-2674000
-2660000
-2697500
-2721500
-2707500
-2729000
-2698000
-2689500
-2693000
-2629000
-2628000
-2573000
-2524500
-2504500
-2403500
-2369000
-2296000
-2218500
-2153500
-2042500
-1971500
-1880500
-1770500
-1684500
-1558000
-1454500
-1349500
-1217500
-1112500
-977500
-857500
-732000
-599500
-470000
-341500
-205000
-74000
60000
190500
325000
454000
590000
710000
840000
968500
1083500
1217500
1312500
1439000
1554500
1645000
1761500
1846000
1940500
2045000
2097000
2195000
2261500
2324500
2403000
2422000
2498500
2532000
2566000
2618500
2606500
2639000
2663000
2644000
2671000
2634000
2628000
2623000
2569500
2562000
2501000
2460500
2428500
2337500
2292500
2222000
2140000
2085500
1967500
1897500
1802500
1697500
1605000
1479500
1378000
1269500
1143500
1035000
901500
776000
659500
519000
397500
263500
131500
-500
-129500
-266000
-394500
-523500
-658000
-776000
-908500
-1032000
-1150500
-1276000
-1381500
-1493500
-1614500
-1700500
-1820500
-1904500
-1999000
-2100000
-2155000
-2252500
-2317500
-2378500
-2462500
-2480000
-2547000
-2598500
-2619500
-2674000
-2663000
-2694500
-2723500
-2703500
-2731500
-2700500
-2688500
-2692000
-2630000
-2629000
-2573000
-2523000
-2505000
-2405500
-2370000
-2294500
-2214000
-2157500
-2041500
-1969500
-1882000
-1769000
-1686000
-1559000
-1451500
-1351500
-1218000
-1112000
-977500
-858500
-733000
-597500
-471500
-338500
-206500
-75000
61000
190500
325000
453000
589000
710500
839000
971500
1082500
1217000
1314000
1439500
1554500
1644500
1758500
1847000
1941500
2045000
2094500
2196000
2262000
2324500
2402500
2421000
2501000
2533500
2565000
2618500
2607500
2642000
2659000
2643000
2671500
2634000
2628500
2620500
2568500
2563500
2502500
2460500
2426000
2338500
2296500
2219500
2141500
2084500
1968000
1898500
1802000
1696500
1604500
1481000
1376500
1268500
1146000
1033000
900500
777500
658500
520500
398000
261000
133000
-500
-130000
-264000
-395500
-523500
-657500
-776500
-909500
-1030500
-1151500
-1274500
-1381500
-1495500
-1613500
-1700500
-1820500
-1906000
-1997500
-2102000
-2154000
-2253000
-2315500
-2382500
-2458000
-2478500
-2548000
-2601500
-2620000
-2670000
-2663500
-2697500
-2722500
-2704000
-2731000
-2701000
-2692000
-2689000
-2629000
-2628000
-2576500
-2520000
-2505000
-2404000
-2369000
-2296000
-2214000
-2156000
-2044000
-1970500
-1881500
-1770000
-1684500
-1560500
-1451500
-1352500
-1217000
-1113500
-976000
-857000
-733000
-598500
-470000
-339000
-207500
-74000
59500
192000
325500
453000
590500
710000
838500
970500
1083000
1217000
1315000
1436500
1555500
1643500
1760000
1845500
1942000
2045500
2097000
2194500
2263000
2323500
2404500
2422000
2498500
2533000
2564500
2618000
2606500
2641000
2662000
2641000
2671000
2634000
2628500
2624000
2567500
2562500
2504000
2460500
2425000
2338500
2296000
2221000
2138500
2086000
1966000
1898500
1802500
1697000
1605500
1479000
1378500
1268000
1146000
1034500
900500
777000
659500
519000
398000
263000
132000
-1500
-129500
-263500
-395500
-523000
-660000
-773500
-911000
-1030000
-1152000
-1275500
-1379500
-1496500
-1614500
-1700500
-1822500
-1902500
-1997500
-2103000
-2153000
-2253500
-2312500
-2384500
-2458500
-2480000
-2547500
-2599500
-2622000
-2671000
-2661000
-2699000
-2723500
-2704000
-2729000
-2700500
-2691500
-2690500
-2630000
-2625500
-2575500
-2523000
-2503000
-2405000
-2368500
-2297000
-2216000
-2154500
-2043000
-1970000
-1883500
-1770000
-1682000
-1560500
-1453000
-1352000
-1216500
-1113500
-978000
-855000
-733500
-598000
-471000
-339500
-207000
-73000
58000
193500
324500
454000
588500
711500
838500
969500
1082500
1217500
1314000
1436500
1555000
1645000
1760000
1846500
1939000
2045500
2098500
2194000
2264500
2322000
2407000
2420500
2498500
2533500
2564500
2618500
2605500
2640000
2660500
2645000
2670000
2633500
2627500
2626000
2567000
2564000
2500000
2465000
2426000
2336500
2294000
2221500
2140500
2084000
1966500
1897500
1804500
1694500
1607000
1478500
1378500
1268500
1147000
1033000
902000
776500
658500
521000
397000
261500
133500
-500
-132500
-263000
-394500
-522500
-659500
-775500
-909500
-1031000
-1150500
-1275500
-1382500
-1493500
-1615500
-1701500
-1819500
-1903500
-1998500
-2100500
-2153500
-2256500
-2312500
-2382000
-2460500
-2480000
-2547500
-2598000
-2621500
-2673500
-2662500
-2695500
-2723500
-2704500
-2731000
-2697500
-2691500
-2690500
-2632500
-2626000
-2573000
-2523000
-2505500
-2405000
-2368000
-2295500
-2216000
-2156000
-2042000
-1971500
-1880000
-1773000
-1681500
-1560500
-1452000
-1353500
-1214500
-1113000
-980000
-854500
-734500
-598500
-469500
-339500
-206500
-74000
58000
193000
325000
454500
587000
711500
838500
970000
1083500
1216000
1315000
1437000
1554500
1644500
1761000
1845500
1942000
2043500
2098000
2194500
2264000
2322500
2403500
2424500
2497500
2532500
2564500
2620500
2605000
2640500
2660500
2644000
2670000
2635500
2626500
2624500
2567000
2565500
2500000
2462000
2427000
2338000
2295500
2219000
2140000
2086500
1966000
1896000
1805000
1696500
1605500
1478000
1381000
1267000
1145500
1033500
902000
777000
658500
519500
396000
263000
133000
1000
-133000
-261500
-397000
-522000
-659500
-775000
-908500
-1033500
-1148500
-1277500
-1381000
-1495500
-1613500
-1702000
-1820000
-1905500
-1996000
-2101500
-2152500
-2256500
-2313000
-2381500
-2459500
-2478500
-2550000
-2600500
-2620000
-2671500
-2664000
-2696500
-2724000
-2701500
-2731000
-2700500
-2691500
-2687000
-2633000
-2626500
-2574000
-2523000
-2502500
-2406500
-2369000
-2296000
-2215500
-2156000
-2042000
-1970500
-1881000
-1771500
-1684000
-1560500
-1451000
-1350500
-1217500
-1114000
-977000
-856500
-735000
-597000
-470000
-340500
-206000
-73000
58000
193500
322500
456500
587000
710500
840000
969500
1084000
1216000
1314500
1438000
1555000
1642500
1760000
1846000
1941000
2045000
2098500
2194000
2265000
2323500
2403000
2423500
2497000
2536500
2562500
2616000
2607500
2642500
2658500
2643500
2671000
2635000
2628000
2622000
2567500
2567500
2501500
2460500
2427000
2336500
2297000
2219500
2139000
2084000
1969000
1896500
1803500
1694000
1608500
1477500
1380000
1266500
1146500
1035500
900500
777000
658000
520000
396500
264500
130000
2000
-133000
-262500
-396000
-521500
-660000
-776500
-908500
-1031500
-1150500
-1276500
-1379500
-1494500
-1614000
-1703000
-1819500
-1904000
-1996500
-2105000
-2152000
-2254500
-2313500
-2383000
-2460000
-2478500
-2548000
-2600000
-2621000
-2672000
-2661500
-2696000
-2725500
-2703000
-2732500
-2697000
-2692000
-2690000
-2631000
-2626500
-2573500
-2523500
-2505000
-2404500
-2368000
-2298000
-2213500
-2156500
-2042500
-1971500
-1881500
-1770500
-1680000
-1562500
-1452500
-1350500
-1217000
-1113000
-978000
-856500
-733000
-599000
-471000
-338000
-206500
-74000
58500
193000
324000
454000
589000
710500
840000
969000
1084000
1216500
1313500
1437500
1554500
1644000
1762000
1845500
1940500
2043000
2101000
2192500
2262000
2324500
2405000
2421500
2498500
2534500
2565500
2617500
2605000
2641000
2660000
2645500
2668000
2636000
2628000
2624000
2565500
2565000
2503500
2461000
2426000
2338000
2294000
2222000
2140500
2083500
1967500
1896000
1805500
1693500
1608000
1478000
1379500
1267500
1146000
1033500
901500
778000
658000
521000
395500
263000
131500
2000
-134000
-261500
-397000
-522000
-659500
-774500
-909000
-1033500
-1149500
-1276000
-1380000
-1496500
-1613500
-1702000
-1818000
-1906000
-1995000
-2105000
-2151000
-2255000
-2315000
-2380500
-2461000
-2479500
-2548000
-2598500
-2622500
-2671500
-2663000
-2696500
-2723500
-2703000
-2734000
-2696000
-2692000
-2689000
-2630500
-2627500
-2573000
-2524500
-2502500
-2407000
-2368000
-2298500
-2213000
-2156500
-2041000
-1973500
-1877500
-1774000
-1681000
-1561500
-1452500
-1349500
-1219000
-1112000
-978000
-856500
-734500
-596500
-473000
-337000
-207000
-73000
57500
194000
323500
454000
588000
711000
839500
969500
1084000
1215500
1317500
1435500
1554500
1643500
1763500
1844500
1941000
2042000
2098500
2197000
2262000
2322500
2404000
2423500
2497000
2534000
2565000
2620000
2605000
2642000
2659000
2645000
2668500
2636000
2627000
2623000
2569000
2562500
2503000
2459000
2429500
2336000
2296000
2220000
2141500
2085000
1967000
1896000
1807000
1691500
1607000
1479500
1378500
1268500
1143500
1034500
901500
778500
658500
519500
396500
264500
129000
2500
-133000
-261500
-398000
-520500
-659500
-777000
-908500
-1031000
-1148500
-1277500
-1380000
-1496000
-1613000
-1704500
-1817000
-1909000
-1994500
-2102500
-2154500
-2254000
-2313500
-2380500
-2460500
-2479500
-2549000
-2597000
-2622000
-2672000
-2664500
-2694500
-2725000
-2700500
-2733000
-2700500
-2691000
-2690500
-2630000
-2629000
-2570000
-2524500
-2503000
-2407000
-2366500
-2296500
-2213500
-2159500
-2038500
-1974500
-1880000
-1770500
-1684500
-1558500
-1454000
-1351000
-1217000
-1112500
-978500
-855000
-736000
-596000
-471500
-338000
-209000
-70500
57000
192000
325000
454000
588500
711500
838500
970000
1085500
1214500
1317500
1436000
1556000
1641000
1762000
1845000
1940000
2044000
2096500
2195000
2264500
2323000
2403500
2425000
2499000
2533500
2562500
2620500
2607000
2642500
2656000
2644500
2671000
2634500
2625500
2622500
2568500
2564500
2501500
2461500
2429000
2336000
2298000
2218500
2143000
2083000
1970000
1892000
1806500
1694000
1606000
1478500
1379000
1269000
1144000
1034500
900500
779500
657500
520500
396000
265500
129000
2500
-132500
-263500
-397000
-521000
-659500
-777000
-908000
-1032000
-1149000
-1278000
-1378000
-1497000
-1612500
-1704000
-1818500
-1906500
-1995500
-2103500
-2153500
-2253000
-2316500
-2380500
-2458000
-2478000
-2550000
-2597500
-2622500
-2669500
-2665000
-2695000
-2725500
-2703000
-2733500
-2699000
-2691000
-2689500
-2631500
-2627000
-2572500
-2524000
-2502500
-2406500
-2367500
-2297500
-2212500
-2159000
-2040500
-1972000
-1881500
-1768500
-1684500
-1561500
-1452500
-1350500
-1217000
-1112500
-979000
-854000
-735500
-596000
-473500
-336500
-209000
-72000
58500
193000
323000
454500
590000
709500
839500
969000
1086000
1214500
1316000
1434500
1557000
1642000
1763000
1842000
1944500
2043500
2098000
2193500
2264000
2325000
2403000
2423500
2495500
2537000
2563000
2618000
2604500
2643000
2658000
2645000
2669000
2635000
2629500
2622500
2568000
2563500
2504500
2460000
2428500
2336000
2296000
2219500
2142500
2080000
1970000
1896000
1805500
1692000
1609000
1479000
1377000
1269000
1144500
1035000
901000
778500
657500
522000
394000
266000
130000
1000
-131500
-263500
-397000
-522000
-659500
-776000
-907500
-1033500
-1148000
-1277000
-1379000
-1498000
-1612500
-1704000
-1818000
-1905500
-1996500
-2102500
-2154000
-2253500
-2313000
-2382500
-2461000
-2478000
-2549000
-2596000
-2626000
-2669000
-2665500
-2694000
-2725500
-2703000
-2730000
-2699000
-2691500
-2691000
-2629500
-2628000
-2572000
-2525500
-2501500
-2408000
-2367000
-2299000
-2212000
-2158500
-2039500
-1973000
-1880000
-1772000
-1682000
-1561500
-1451000
-1351000
-1218000
-1110500
-980500
-854500
-735500
-595500
-475000
-336000
-208000
-72500
57500
194500
322500
455000
588500
710000
841000
967000
1086500
1213500
1318500
1434000
1557500
1641500
1763500
1844000
1941000
2044000
2098500
2194000
2264000
2323000
2404500
2424500
2496000
2533500
2564000
2622500
2601500
2642500
2659000
2644000
2670000
2635500
2628500
2623000
2567500
2564000
2503000
2460500
2429500
2333000
2299000
2217000
2143500
2082000
1968500
1896000
1805000
1693500
1607500
1479500
1378500
1269000
1143500
1034500
901500
779500
655500
523000
393000
265000
131000
1000
-132500
-262000
-397000
-522000
-659000
-776500
-908500
-1033000
-1147000
-1279500
-1377000
-1500000
-1610000
-1704500
-1818500
-1906000
-1994000
-2103000
-2154000
-2254000
-2313500
-2380500
-2462500
-2477000
-2551000
-2596000
-2625000
-2671500
-2664500
-2692500
-2726500
-2702000
-2731500
-2698500
-2689500
-2690500
-2632500
-2627000
-2571500
-2525000
-2501000
-2409500
-2365500
-2299000
-2214500
-2156500
-2040500
-1972500
-1880500
-1771500
-1684000
-1559000
-1454000
-1347500
-1219000
-1112000
-979500
-855000
-737000
-593500
-474500
-336000
-207500
-74000
58500
193000
324500
454000
589000
709000
841000
967500
1086500
1212500
1320500
1433000
1557000
1642500
1761000
1847000
1940000
2044000
2097500
2196000
2262500
2323500
2403500
2424000
2496500
2535500
2561000
2622500
2604000
2643000
2656000
2646500
2670500
2633000
2629500
2622500
2569500
2562500
2503000
2459500
2429000
2335500
2298000
2215500
2144500
2083500
1969000
1895000
1804000
1696000
1606000
1478500
1379000
1270000
1143000
1036000
898000
780000
656500
522000
394000
266500
129500
