-0.000002852761
-0.000003597721
-0.000005035057
-0.000006165644
-0.000006993865
-0.000008637160
-0.000009333918
-0.000010600351
-0.000011818580
-0.000012489045
-0.000014018405
-0.000014680105
-0.000015696757
-0.000016928133
-0.000017383874
-0.000018742331
-0.000019307625
-0.000020078878
-0.000021209465
-0.000021380368
-0.000022484663
-0.000022936021
-0.000023444347
-0.000024298861
-0.000024281332
-0.000025048203
-0.000025407537
-0.000025578440
-0.000026117441
-0.000025959684
-0.000026257669
-0.000026564417
-0.000026275197
-0.000026643295
-0.000026279579
-0.000026213848
-0.000026288344
-0.000025617879
-0.000025731814
-0.000025162138
-0.000024719544
-0.000024666959
-0.000023632778
-0.000023453111
-0.000022795793
-0.000021919369
-0.000021687117
-0.000020446976
-0.000019916740
-0.000019224365
-0.000017949167
-0.000017602980
-0.000016235758
-0.000015319895
-0.000014631902
-0.000013063103
-0.000012581069
-0.000011191937
-0.000009951797
-0.000009351446
-0.000007537248
-0.000007007011
-0.000005661700
-0.000004066608
-0.000003720421
-0.000001709027
-0.000001244522
0.000000170903
0.000001774759
0.000002028922
0.000004000876
0.000004504820
0.000005797546
0.000007287467
0.000007607362
0.000009097283
0.000010113935
0.000010674847
0.000012296231
0.000012361963
0.000013606486
0.000014789658
0.000014706398
0.000016362840
0.000016130587
0.000017256792
0.000018269062
0.000017782647
0.000019176161
0.000018860649
0.000019618755
0.000020372480
0.000019715162
0.000020591586
0.000020390009
0.000020525855
0.000021078002
0.000020258545
0.000020613497
0.000020639790
0.000019921122
0.000020482033
0.000019373357
0.000019303243
0.000019443471
0.000018006135
0.000018453111
0.000017090272
0.000016748466
0.000016748466
0.000014921122
0.000015118317
0.000013724803
0.000013071867
0.000012738826
0.000010898335
0.000010635408
0.000009452235
0.000008207713
0.000007914110
0.000006021034
0.000005341805
0.000004417178
0.000002716915
0.000002410167
0.000000508326
-0.000000346188
-0.000001161262
-0.000003089395
-0.000003378615
-0.000005223488
-0.000006056091
-0.000007024540
-0.000008698510
-0.000009224365
-0.000010705521
-0.000011704645
-0.000012563541
-0.000013978966
-0.000014706398
-0.000015701139
-0.000016884312
-0.000017445223
-0.000018672217
-0.000019360210
-0.000020052585
-0.000021191937
-0.000021424189
-0.000022462752
-0.000022949167
-0.000023426819
-0.000024307625
-0.000024285714
-0.000025035057
-0.000025425066
-0.000025552147
-0.000026148116
-0.000025942156
-0.000026279579
-0.000026542507
-0.000026275197
-0.000026638913
-0.000026288344
-0.000026196319
-0.000026297108
-0.000025609115
-0.000025753725
-0.000025148992
-0.000024732691
-0.000024671341
-0.000023619632
-0.000023479404
-0.000022743208
-0.000021971954
-0.000021638913
-0.000020473269
-0.000019929886
-0.000019167397
-0.000018010517
-0.000017537248
-0.000016292726
-0.000015293602
-0.000014631902
-0.000013089395
-0.000012541630
-0.000011213848
-0.000009960561
-0.000009325153
-0.000007581069
-0.000006980719
-0.000005617879
-0.000004167397
-0.000003619632
-0.000001831727
-0.000001117441
0.000000122699
0.000001744084
0.000002177914
0.000003777388
0.000004754601
0.000005556529
0.000007475898
0.000007475898
0.000009180543
0.000010052585
0.000010635408
0.000012375110
0.000012269939
0.000013768624
0.000014553024
0.000014947415
0.000016196319
0.000016257669
0.000017204207
0.000018203330
0.000017962314
0.000018978966
0.000019053462
0.000019430324
0.000020486415
0.000019662577
0.000020613497
0.000020385627
0.000020433830
0.000021226994
0.000020135846
0.000020723050
0.000020539001
0.000019907975
0.000020609115
0.000019211218
0.000019478528
0.000019303243
0.000018010517
0.000018553900
0.000016910605
0.000016971954
0.000016538124
0.000015030675
0.000015157756
0.000013588957
0.000013260298
0.000012607362
0.000011007888
0.000010582822
0.000009382121
0.000008347940
0.000007791411
0.000006134969
0.000005249781
0.000004465381
0.000002703769
0.000002392638
0.000000539001
-0.000000363716
-0.000001148116
-0.000003071867
-0.000003409290
-0.000005175285
-0.000006143734
-0.000006928133
-0.000008720421
-0.000009263804
-0.000010652936
-0.000011801052
-0.000012440841
-0.000014088519
-0.000014636284
-0.000015727432
-0.000016897458
-0.000017383874
-0.000018755478
-0.000019281332
-0.000020127082
-0.000021130587
-0.000021437336
-0.000022467134
-0.000022922875
-0.000023457493
-0.000024276950
-0.000024325153
-0.000025000000
-0.000025433830
-0.000025569676
-0.000026126205
-0.000025959684
-0.000026253287
-0.000026564417
-0.000026270815
-0.000026669588
-0.000026262051
-0.000026209465
-0.000026297108
-0.000025613497
-0.000025731814
-0.000025166521
-0.000024715162
-0.000024658195
-0.000023645925
-0.000023448729
-0.000022782647
-0.000021950044
-0.000021638913
-0.000020490798
-0.000019916740
-0.000019211218
-0.000017944785
-0.000017611744
-0.000016218230
-0.000015328659
-0.000014649430
-0.000013032428
-0.000012629273
-0.000011130587
-0.000010008764
-0.000009294479
-0.000007602980
-0.000006976337
-0.000005574058
-0.000004255039
-0.000003496933
-0.000001958808
-0.000000990359
0.000000074496
0.000001687117
0.000002265557
0.000003698510
0.000004855390
0.000005517090
0.000007449606
0.000007528484
0.000009106047
0.000010096407
0.000010644172
0.000012326906
0.000012340053
0.000013667835
0.000014680105
0.000014815951
0.000016288344
0.000016231376
0.000017147239
0.000018304119
0.000017822086
0.000019106047
0.000018983348
0.000019434706
0.000020521472
0.000019631902
0.000020639790
0.000020376862
0.000020394391
0.000021310254
0.000020056968
0.000020784400
0.000020468887
0.000019903593
0.000020674847
0.000019110429
0.000019623138
0.000019101665
0.000018234005
0.000018400526
0.000016971954
0.000017024540
0.000016437336
0.000015254163
0.000014864154
0.000013873795
0.000013006135
0.000012795793
0.000010959684
0.000010473269
0.000009583699
0.000008098160
0.000008010517
0.000005929010
0.000005390009
0.000004368975
0.000002773883
0.000002357581
0.000000473269
-0.000000219106
-0.000001310254
-0.000002879053
-0.000003580193
-0.000005092025
-0.000006139351
-0.000006980719
-0.000008641543
-0.000009338300
-0.000010604733
-0.000011801052
-0.000012475898
-0.000014022787
-0.000014706398
-0.000015692375
-0.000016914987
-0.000017383874
-0.000018755478
-0.000019303243
-0.000020070114
-0.000021205083
-0.000021393514
-0.000022471516
-0.000022936021
-0.000023439965
-0.000024312007
-0.000024281332
-0.000025035057
-0.000025429448
-0.000025560911
-0.000026130587
-0.000025950920
-0.000026279579
-0.000026538124
-0.000026288344
-0.000026647677
-0.000026275197
-0.000026209465
-0.000026292726
-0.000025617879
-0.000025718668
-0.000025175285
-0.000024719544
-0.000024636284
-0.000023667835
-0.000023435583
-0.000022782647
-0.000021936897
-0.000021660824
-0.000020473269
-0.000019903593
-0.000019233129
-0.000017957932
-0.000017602980
-0.000016213848
-0.000015324277
-0.000014649430
-0.000013023663
-0.000012611744
-0.000011178791
-0.000009960561
-0.000009368975
-0.000007519720
-0.000007011394
-0.000005604733
-0.000004158633
-0.000003672217
-0.000001739702
-0.000001205083
0.000000201578
0.000001704645
0.000002107800
0.000003900088
0.000004601227
0.000005780018
0.000007278703
0.000007642419
0.000009035933
0.000010113935
0.000010727432
0.000012212971
0.000012480280
0.000013505697
0.000014837862
0.000014741455
0.000016257669
0.000016297108
0.000017055215
0.000018431201
0.000017673094
0.000019246275
0.000018873795
0.000019460999
0.000020574058
0.000019491674
0.000020815074
0.000020219106
0.000020512708
0.000021235758
0.000020030675
0.000020907099
0.000020319895
0.000020100789
0.000020486415
0.000019237511
0.000019535495
0.000019158633
0.000018290973
0.000018251534
0.000017217353
0.000016717791
0.000016739702
0.000015056968
0.000014894829
0.000013970202
0.000012804557
0.000012992989
0.000010784400
0.000010613497
0.000009496056
0.000008076249
0.000008085013
0.000005850131
0.000005499562
0.000004272568
0.000002800175
0.000002366345
0.000000486415
-0.000000201578
-0.000001327783
-0.000002883436
-0.000003597721
-0.000005056968
-0.000006156880
-0.000006971954
-0.000008650307
-0.000009351446
-0.000010578440
-0.000011805434
-0.000012484663
-0.000014049080
-0.000014658195
-0.000015731814
-0.000016884312
-0.000017432077
-0.000018689746
-0.000019333918
-0.000020078878
-0.000021178791
-0.000021424189
-0.000022458370
-0.000022944785
-0.000023439965
-0.000024307625
-0.000024281332
-0.000025035057
-0.000025420684
-0.000025560911
-0.000026152498
-0.000025929010
-0.000026283961
-0.000026538124
-0.000026283961
-0.000026643295
-0.000026292726
-0.000026205083
-0.000026266433
-0.000025622261
-0.000025749343
-0.000025153374
-0.000024728309
-0.000024645048
-0.000023654689
-0.000023439965
-0.000022791411
-0.000021923751
-0.000021669588
-0.000020468887
-0.000019916740
-0.000019206836
-0.000017971078
-0.000017594216
-0.000016231376
-0.000015333041
-0.000014623138
-0.000013054338
-0.000012594216
-0.000011183173
-0.000010004382
-0.000009276950
-0.000007624890
-0.000006884312
-0.000005718668
-0.000004053462
-0.000003698510
-0.000001858019
-0.000000999124
-0.000000065732
0.000001971954
0.000001897458
0.000004014023
0.000004596845
0.000005661700
0.000007440841
0.000007418931
0.000009312007
0.000009886065
0.000010819457
0.000012217353
0.000012375110
0.000013724803
0.000014596845
0.000014929886
0.000016183173
0.000016275197
0.000017177914
0.000018282209
0.000017839614
0.000019066608
0.000018992112
0.000019452235
0.000020539001
0.000019601227
0.000020652936
0.000020390009
0.000020398773
0.000021283961
0.000020056968
0.000020771253
0.000020503944
0.000019956179
0.000020552147
0.000019233129
0.000019496056
0.000019263804
0.000018128834
0.000018365469
0.000017138475
0.000016774759
0.000016669588
0.000015035057
0.000015048203
0.000013821209
0.000012918493
0.000012887818
0.000010801928
0.000010692375
0.000009430324
0.000008159509
0.000008001753
0.000005850131
0.000005547765
0.000004246275
0.000002857143
0.000002300613
0.000000552147
-0.000000284838
-0.000001257669
-0.000002936021
-0.000003536372
-0.000005065732
-0.000006205083
-0.000006932515
-0.000008694128
-0.000009294479
-0.000010613497
-0.000011844873
-0.000012432077
-0.000014075372
-0.000014631902
-0.000015749343
-0.000016897458
-0.000017383874
-0.000018759860
-0.000019276950
-0.000020118317
-0.000021139351
-0.000021419807
-0.000022475898
-0.000022931639
-0.000023475022
-0.000024272568
-0.000024294479
-0.000025030675
-0.000025420684
-0.000025582822
-0.000026108677
-0.000025972831
-0.000026257669
-0.000026568799
-0.000026275197
-0.000026625767
-0.000026297108
-0.000026196319
-0.000026310254
-0.000025604733
-0.000025727432
-0.000025184049
-0.000024684487
-0.000024697634
-0.000023597721
-0.000023483786
-0.000022791411
-0.000021914987
-0.000021709027
-0.000020398773
-0.000019991236
-0.000019163015
-0.000017979842
-0.000017611744
-0.000016174408
-0.000015407537
-0.000014526731
-0.000013141981
-0.000012559159
-0.000011170026
-0.000010030675
-0.000009198072
-0.000007721297
-0.000006862401
-0.000005652936
-0.000004163015
-0.000003549518
-0.000001993865
-0.000000924628
-0.000000008764
0.000001849255
0.000002116564
0.000003724803
0.000004851008
0.000005477651
0.000007559159
0.000007440841
0.000009106047
0.000010140228
0.000010521472
0.000012502191
0.000012173532
0.000013794917
0.000014614373
0.000014776512
0.000016424189
0.000016025416
0.000017405784
0.000018076249
0.000017922875
0.000019110429
0.000018891323
0.000019618755
0.000020341805
0.000019794040
0.000020503944
0.000020473269
0.000020433830
0.000021161262
0.000020236635
0.000020587204
0.000020670465
0.000019877301
0.000020530237
0.000019329535
0.000019320771
0.000019421560
0.000018014899
0.000018448729
0.000017099036
0.000016717791
0.000016770377
0.000014938650
0.000015135846
0.000013724803
0.000013023663
0.000012813322
0.000010836985
0.000010683611
0.000009360210
0.000008304119
0.000007835232
0.000006029798
0.000005398773
0.000004329535
0.000002839614
0.000002269939
0.000000600351
-0.000000354952
-0.000001191937
-0.000002988606
-0.000003483786
-0.000005153374
-0.000006117441
-0.000006963190
-0.000008685364
-0.000009316389
-0.000010635408
-0.000011761613
-0.000012489045
-0.000014031551
-0.000014671341
-0.000015727432
-0.000016910605
-0.000017383874
-0.000018733567
-0.000019325153
-0.000020078878
-0.000021165644
-0.000021402279
-0.000022489045
-0.000022936021
-0.000023448729
-0.000024290096
-0.000024307625
-0.000025035057
-0.000025411919
-0.000025569676
-0.000026139351
-0.000025942156
-0.000026288344
-0.000026524978
-0.000026297108
-0.000026630149
-0.000026288344
-0.000026196319
-0.000026283961
-0.000025617879
-0.000025731814
-0.000025192813
-0.000024693252
-0.000024671341
-0.000023645925
-0.000023444347
-0.000022795793
-0.000021914987
-0.000021700263
-0.000020411919
-0.000019973707
-0.000019184926
-0.000017966696
-0.000017607362
-0.000016183173
-0.000015376862
-0.000014583699
-0.000013102542
-0.000012598598
-0.000011108677
-0.000010070114
-0.000009250657
-0.000007616126
-0.000006993865
-0.000005525855
-0.000004281332
-0.000003549518
-0.000001866784
-0.000001095530
0.000000192813
0.000001608238
0.000002304996
0.000003619632
0.000004964943
0.000005508326
0.000007383874
0.000007664330
0.000008886941
0.000010363716
0.000010411919
0.000012489045
0.000012296231
0.000013567046
0.000014811569
0.000014649430
0.000016476775
0.000016073620
0.000017269939
0.000018225241
0.000017808940
0.000019171779
0.000018878177
0.000019570552
0.000020416301
0.000019719544
0.000020609115
0.000020337423
0.000020530237
0.000021139351
0.000020219106
0.000020648554
0.000020534619
0.000019986854
0.000020499562
0.000019355828
0.000019347064
0.000019338300
0.000018093777
0.000018413672
0.000017085890
0.000016787905
0.000016695881
0.000015000000
0.000015070114
0.000013733567
0.000013036810
0.000012813322
0.000010823839
0.000010705521
0.000009333918
0.000008330412
0.000007848379
0.000005994741
0.000005420684
0.000004320771
0.000002896582
0.000002217353
0.000000617879
-0.000000381245
-0.000001130587
-0.000002997371
-0.000003531989
-0.000005092025
-0.000006209465
-0.000006875548
-0.000008768624
-0.000009228747
-0.000010709904
-0.000011735320
-0.000012497809
-0.000014057844
-0.000014623138
-0.000015766871
-0.000016840491
-0.000017453988
-0.000018698510
-0.000019320771
-0.000020056968
-0.000021183173
-0.000021441718
-0.000022440841
-0.000022975460
-0.000023409290
-0.000024320771
-0.000024281332
-0.000025030675
-0.000025438212
-0.000025547765
-0.000026148116
-0.000025937774
-0.000026288344
-0.000026555653
-0.000026270815
-0.000026652060
-0.000026257669
-0.000026222612
-0.000026270815
-0.000025613497
-0.000025758107
-0.000025144610
-0.000024754601
-0.000024614373
-0.000023663453
-0.000023444347
-0.000022769500
-0.000021976337
-0.000021612621
-0.000020512708
-0.000019877301
-0.000019228747
-0.000017971078
-0.000017563541
-0.000016288344
-0.000015241017
-0.000014697634
-0.000013023663
-0.000012624890
-0.000011152498
-0.000009969325
-0.000009382121
-0.000007497809
-0.000007028922
-0.000005604733
-0.000004114812
-0.000003742331
-0.000001691499
-0.000001240140
0.000000201578
0.000001748466
0.000002033304
0.000004000876
0.000004465381
0.000005863278
0.000007278703
0.000007559159
0.000009206836
0.000009899211
0.000010880806
0.000012156004
0.000012467134
0.000013615250
0.000014645048
0.000014943032
0.000016121823
0.000016371604
0.000017059597
0.000018339176
0.000017883436
0.000018957055
0.000019154251
0.000019281332
0.000020652936
0.000019605609
0.000020560911
0.000020517090
0.000020236635
0.000021432954
0.000019951797
0.000020832603
0.000020499562
0.000019864154
0.000020701139
0.000019070990
0.000019658195
0.000019101665
0.000018177038
0.000018479404
0.000016893076
0.000017107800
0.000016354075
0.000015262927
0.000014943032
0.000013746713
0.000013177038
0.000012607362
0.000011073620
0.000010460123
0.000009601227
0.000008141981
0.000007914110
0.000005999124
0.000005328659
0.000004487292
0.000002664330
0.000002401402
0.000000512708
-0.000000346188
-0.000001148116
-0.000003058720
-0.000003435583
-0.000005162138
-0.000006161262
-0.000006919369
-0.000008720421
-0.000009233129
-0.000010683611
-0.000011774759
-0.000012480280
-0.000014049080
-0.000014627520
-0.000015771253
-0.000016866784
-0.000017418931
-0.000018724803
-0.000019298861
-0.000020118317
-0.000021148116
-0.000021424189
-0.000022449606
-0.000022949167
-0.000023453111
-0.000024276950
-0.000024303243
-0.000025026293
-0.000025429448
-0.000025556529
-0.000026139351
-0.000025950920
-0.000026275197
-0.000026546889
-0.000026283961
-0.000026652060
-0.000026266433
-0.000026200701
-0.000026310254
-0.000025600351
-0.000025758107
-0.000025144610
-0.000024723926
-0.000024658195
-0.000023624014
-0.000023483786
-0.000022751972
-0.000021958808
-0.000021665206
-0.000020446976
-0.000019973707
-0.000019127958
-0.000018032428
-0.000017541630
-0.000016248904
-0.000015346188
-0.000014574934
-0.000013106924
-0.000012532866
-0.000011248904
-0.000009907975
-0.000009368975
-0.000007554777
-0.000006967572
-0.000005670465
-0.000004084137
-0.000003716039
-0.000001765995
-0.000001130587
0.000000096407
0.000001827344
0.000002033304
0.000003904470
0.000004645048
0.000005679229
0.000007410167
0.000007493427
0.000009167397
0.000010026293
0.000010714286
0.000012318142
0.000012318142
0.000013694128
0.000014671341
0.000014824715
0.000016279579
0.000016187555
0.000017230500
0.000018260298
0.000017813322
0.000019141104
0.000018873795
0.000019570552
0.000020433830
0.000019658195
0.000020679229
0.000020297984
0.000020534619
0.000021152498
0.000020153374
0.000020749343
0.000020482033
0.000019978089
0.000020534619
0.000019224365
0.000019557406
0.000019206836
0.000018137599
0.000018374233
0.000017107800
0.000016862401
0.000016590710
0.000015096407
0.000014964943
0.000013891323
0.000012953550
0.000012822086
0.000010885188
0.000010556529
0.000009539877
0.000008124452
0.000007988606
0.000005902717
0.000005438212
0.000004364592
0.000002716915
0.000002436459
0.000000468887
-0.000000249781
-0.000001283961
-0.000002953550
-0.000003457493
-0.000005157756
-0.000006126205
-0.000006980719
-0.000008680982
-0.000009281332
-0.000010657318
-0.000011765995
-0.000012497809
-0.000014040316
-0.000014653812
-0.000015736196
-0.000016888694
-0.000017418931
-0.000018698510
-0.000019333918
-0.000020078878
-0.000021161262
-0.000021419807
-0.000022462752
-0.000022957932
-0.000023426819
-0.000024307625
-0.000024281332
-0.000025048203
-0.000025403155
-0.000025569676
-0.000026148116
-0.000025920245
-0.000026305872
-0.000026546889
-0.000026270815
-0.000026638913
-0.000026292726
-0.000026187555
-0.000026301490
-0.000025613497
-0.000025714286
-0.000025197195
-0.000024693252
-0.000024662577
-0.000023650307
-0.000023453111
-0.000022804557
-0.000021914987
-0.000021678352
-0.000020442594
-0.000019943032
-0.000019224365
-0.000017922875
-0.000017624890
-0.000016183173
-0.000015376862
-0.000014614373
-0.000013058720
-0.000012633655
-0.000011121823
-0.000010013146
-0.000009294479
-0.000007602980
-0.000006980719
-0.000005587204
-0.000004206836
-0.000003558282
-0.000001901840
-0.000001117441
0.000000210342
0.000001643295
0.000002300613
0.000003628396
0.000004842244
0.000005617879
0.000007366345
0.000007686240
0.000008882559
0.000010337423
0.000010482033
0.000012401402
0.000012361963
0.000013531989
0.000014872918
0.000014609991
0.000016450482
0.000016099912
0.000017248028
0.000018273444
0.000017730061
0.000019255039
0.000018843120
0.000019561788
0.000020433830
0.000019601227
0.000020762489
0.000020223488
0.000020582822
0.000021148116
0.000020074496
0.000020880806
0.000020319895
0.000020153374
0.000020411919
0.000019298861
0.000019513585
0.000019167397
0.000018282209
0.000018255916
0.000017191060
0.000016757230
0.000016665206
0.000015113935
0.000014890447
0.000013965819
0.000012861525
0.000012887818
0.000010885188
0.000010512708
0.000009609991
0.000008014899
0.000008106924
0.000005845749
0.000005438212
0.000004364592
0.000002734443
0.000002427695
0.000000438212
-0.000000245399
-0.000001248904
-0.000002949167
-0.000003496933
-0.000005140228
-0.000006148116
-0.000006950044
-0.000008698510
-0.000009259422
-0.000010696757
-0.000011752848
-0.000012497809
-0.000014031551
-0.000014662577
-0.000015731814
-0.000016862401
-0.000017432077
-0.000018702892
-0.000019338300
-0.000020061350
-0.000021187555
-0.000021411043
-0.000022462752
-0.000022962314
-0.000023431201
-0.000024307625
-0.000024276950
-0.000025048203
-0.000025416301
-0.000025552147
-0.000026134969
-0.000025937774
-0.000026292726
-0.000026546889
-0.000026270815
-0.000026665206
-0.000026270815
-0.000026213848
-0.000026283961
-0.000025613497
-0.000025740578
-0.000025175285
-0.000024710780
-0.000024649430
-0.000023650307
-0.000023435583
-0.000022795793
-0.000021923751
-0.000021660824
-0.000020486415
-0.000019890447
-0.000019259422
-0.000017922875
-0.000017598598
-0.000016240140
-0.000015306748
-0.000014688869
-0.000013006135
-0.000012616126
-0.000011161262
-0.000009978089
-0.000009329535
-0.000007585451
-0.000006985101
-0.000005560911
-0.000004176161
-0.000003619632
-0.000001871166
-0.000001056091
0.000000087642
0.000001779141
0.000002103418
0.000003829974
0.000004723926
0.000005631025
0.000007401402
0.000007541630
0.000009114812
0.000010078878
0.000010648554
0.000012335670
0.000012313760
0.000013707274
0.000014618755
0.000014864154
0.000016310254
0.000016183173
0.000017221735
0.000018212095
0.000017909728
0.000019049080
0.000019014023
0.000019439089
0.000020473269
0.000019719544
0.000020552147
0.000020486415
0.000020311131
0.000021327783
0.000020105171
0.000020652936
0.000020648554
0.000019798422
0.000020687993
0.000019184926
0.000019421560
0.000019377739
0.000017957932
0.000018545136
0.000017007011
0.000016831727
0.000016700263
0.000014956179
0.000015135846
0.000013672217
0.000013137599
0.000012712533
0.000010933392
0.000010600351
0.000009399649
0.000008321648
0.000007813322
0.000006078002
0.000005306748
0.000004404032
0.000002826468
0.000002278703
0.000000595968
-0.000000372480
-0.000001174408
-0.000002962314
-0.000003558282
-0.000005043821
-0.000006235758
-0.000006871166
-0.000008742331
-0.000009281332
-0.000010648554
-0.000011805434
-0.000012458370
-0.000014066608
-0.000014618755
-0.000015766871
-0.000016871166
-0.000017414549
-0.000018724803
-0.000019307625
-0.000020092025
-0.000021174408
-0.000021402279
-0.000022475898
-0.000022936021
-0.000023439965
-0.000024294479
-0.000024298861
-0.000025035057
-0.000025403155
-0.000025582822
-0.000026130587
-0.000025955302
-0.000026270815
-0.000026542507
-0.000026283961
-0.000026625767
-0.000026319018
-0.000026161262
-0.000026301490
-0.000025613497
-0.000025740578
-0.000025170903
-0.000024715162
-0.000024662577
-0.000023619632
-0.000023483786
-0.000022760736
-0.000021954426
-0.000021691499
-0.000020411919
-0.000019960561
-0.000019167397
-0.000017997371
-0.000017567923
-0.000016240140
-0.000015354952
-0.000014535495
-0.000013163891
-0.000012524102
-0.000011205083
-0.000009973707
-0.000009268186
-0.000007655565
-0.000006871166
-0.000005718668
-0.000004079755
-0.000003650307
-0.000001858019
-0.000001025416
-0.000000013146
0.000001879930
0.000001998247
0.000003957055
0.000004623138
0.000005591586
0.000007510955
0.000007397020
0.000009316389
0.000009881683
0.000010731814
0.000012383874
0.000012182296
0.000013913234
0.000014390885
0.000015026293
0.000016240140
0.000016113059
0.000017423313
0.000018006135
0.000018063103
0.000018978966
0.000018970202
0.000019601227
0.000020302366
0.000019929886
0.000020341805
0.000020591586
0.000020333041
0.000021240140
0.000020254163
0.000020468887
0.000020810692
0.000019745837
0.000020652936
0.000019281332
0.000019233129
0.000019574934
0.000017865907
0.000018597721
0.000016989483
0.000016700263
0.000016866784
0.000014772130
0.000015337423
0.000013536372
0.000013128834
0.000012791411
0.000010727432
0.000010898335
0.000009158633
0.000008488168
0.000007743208
0.000006025416
0.000005464505
0.000004224365
0.000002975460
0.000002182296
0.000000617879
-0.000000315513
-0.000001240140
-0.000002918493
-0.000003575811
-0.000005070114
-0.000006209465
-0.000006910605
-0.000008694128
-0.000009285714
-0.000010635408
-0.000011796670
-0.000012471516
-0.000014057844
-0.000014649430
-0.000015723050
-0.000016906223
-0.000017410167
-0.000018733567
-0.000019303243
-0.000020078878
-0.000021174408
-0.000021406661
-0.000022493427
-0.000022927257
-0.000023453111
-0.000024281332
-0.000024294479
-0.000025030675
-0.000025416301
-0.000025569676
-0.000026113059
-0.000025968449
-0.000026270815
-0.000026546889
-0.000026275197
-0.000026652060
-0.000026288344
-0.000026191937
-0.000026301490
-0.000025600351
-0.000025723050
-0.000025192813
-0.000024723926
-0.000024645048
-0.000023624014
-0.000023475022
-0.000022773883
-0.000021945662
-0.000021669588
-0.000020438212
-0.000019943032
-0.000019202454
-0.000017971078
-0.000017602980
-0.000016178791
-0.000015398773
-0.000014574934
-0.000013080631
-0.000012598598
-0.000011126205
-0.000010048203
-0.000009241893
-0.000007659947
-0.000006932515
-0.000005617879
-0.000004154251
-0.000003628396
-0.000001844873
-0.000001121823
0.000000113935
0.000001818580
0.000002046450
0.000003908852
0.000004570552
0.000005793164
0.000007340053
0.000007576687
0.000009079755
0.000010074496
0.000010709904
0.000012283085
0.000012392638
0.000013597721
0.000014737073
0.000014785276
0.000016340929
0.000016143734
0.000017234882
0.000018225241
0.000017883436
0.000019084137
0.000018926380
0.000019557406
0.000020411919
0.000019715162
0.000020587204
0.000020425066
0.000020433830
0.000021191937
0.000020157756
0.000020709904
0.000020578440
0.000019886065
0.000020556529
0.000019219982
0.000019544259
0.000019198072
0.000018185802
0.000018330412
0.000017129711
0.000016836109
0.000016599474
0.000015122699
0.000014951797
0.000013851884
0.000012966696
0.000012848379
0.000010797546
0.000010718668
0.000009368975
0.000008234005
0.000007927257
0.000005920245
0.000005521472
0.000004250657
0.000002835232
0.000002361963
0.000000486415
-0.000000245399
-0.000001275197
-0.000002962314
-0.000003475022
-0.000005166521
-0.000006073620
-0.000007015776
-0.000008641543
-0.000009333918
-0.000010609115
-0.000011787905
-0.000012506573
-0.000014027169
-0.000014658195
-0.000015723050
-0.000016910605
-0.000017375110
-0.000018737949
-0.000019312007
-0.000020078878
-0.000021183173
-0.000021406661
-0.000022489045
-0.000022922875
-0.000023444347
-0.000024298861
-0.000024281332
-0.000025048203
-0.000025416301
-0.000025560911
-0.000026126205
-0.000025955302
-0.000026275197
-0.000026560035
-0.000026275197
-0.000026621385
-0.000026314636
-0.000026170026
-0.000026301490
-0.000025600351
-0.000025758107
-0.000025166521
-0.000024697634
-0.000024688869
-0.000023615250
-0.000023475022
-0.000022769500
-0.000021945662
-0.000021656442
-0.000020451358
-0.000019943032
-0.000019176161
-0.000017979842
-0.000017602980
-0.000016218230
-0.000015337423
-0.000014631902
-0.000013036810
-0.000012611744
-0.000011156880
-0.000009986854
-0.000009342682
-0.000007528484
-0.000007028922
-0.000005582822
-0.000004141104
-0.000003694128
-0.000001744084
-0.000001205083
0.000000223488
0.000001687117
0.000002125329
0.000003891323
0.000004574934
0.000005828221
0.000007221735
0.000007716915
0.000008974584
0.000010175285
0.000010705521
0.000012164768
0.000012546012
0.000013422436
0.000014947415
0.000014684487
0.000016244522
0.000016323401
0.000016993865
0.000018527607
0.000017638037
0.000019202454
0.000018957055
0.000019355828
0.000020652936
0.000019434706
0.000020867660
0.000020197195
0.000020508326
0.000021244522
0.000019995618
0.000020968449
0.000020293602
0.000020127082
0.000020446976
0.000019246275
0.000019583699
0.000019097283
0.000018312883
0.000018269062
0.000017107800
0.000016928133
0.000016459246
0.000015236635
0.000014899211
0.000013829974
0.000013102542
0.000012624890
0.000011130587
0.000010359334
0.000009688869
0.000008102542
0.000007905346
0.000006086766
0.000005166521
0.000004636284
0.000002550394
0.000002497809
0.000000482033
-0.000000407537
-0.000001091148
-0.000003111306
-0.000003369851
-0.000005175285
-0.000006156880
-0.000006950044
-0.000008711656
-0.000009237511
-0.000010683611
-0.000011770377
-0.000012462752
-0.000014075372
-0.000014614373
-0.000015775635
-0.000016849255
-0.000017440841
-0.000018720421
-0.000019294479
-0.000020105171
-0.000021161262
-0.000021411043
-0.000022471516
-0.000022931639
-0.000023457493
-0.000024281332
-0.000024307625
-0.000025000000
-0.000025451358
-0.000025552147
-0.000026121823
-0.000025977213
-0.000026257669
-0.000026555653
-0.000026279579
-0.000026647677
-0.000026266433
-0.000026231376
-0.000026288344
-0.000025613497
-0.000025731814
-0.000025153374
-0.000024732691
-0.000024636284
-0.000023637160
-0.000023483786
-0.000022743208
-0.000021971954
-0.000021656442
-0.000020464505
-0.000019947415
-0.000019154251
-0.000018019281
-0.000017532866
-0.000016275197
-0.000015280456
-0.000014645048
-0.000013089395
-0.000012546012
-0.000011235758
-0.000009894829
-0.000009382121
-0.000007567923
-0.000006989483
-0.000005626643
-0.000004088519
-0.000003707274
-0.000001757230
-0.000001213848
0.000000201578
0.000001717791
0.000002125329
0.000003891323
0.000004592463
0.000005758107
0.000007300613
0.000007607362
0.000009141104
0.000009995618
0.000010771253
0.000012221735
0.000012423313
0.000013632778
0.000014640666
0.000014907975
0.000016213848
0.000016301490
0.000017142857
0.000018238387
0.000017936021
0.000018983348
0.000019075372
0.000019377739
0.000020565294
0.000019605609
0.000020648554
0.000020398773
0.000020350570
0.000021345311
0.000019991236
0.000020858896
0.000020416301
0.000019986854
0.000020595968
0.000019154251
0.000019592463
0.000019119194
0.000018251534
0.000018361087
0.000017077125
0.000016866784
0.000016603856
0.000015096407
0.000015004382
0.000013773006
0.000013014899
0.000012835232
0.000010854514
0.000010622261
0.000009443471
0.000008172656
0.000008010517
0.000005889571
0.000005460123
0.000004307625
0.000002808940
0.000002340053
0.000000517090
-0.000000276074
-0.000001240140
-0.000002892200
-0.000003615250
-0.000005000000
-0.000006257669
-0.000006849255
-0.000008737949
-0.000009316389
-0.000010595968
-0.000011849255
-0.000012418931
-0.000014097283
-0.000014623138
-0.000015753725
-0.000016879930
-0.000017410167
-0.000018729185
-0.000019312007
-0.000020078878
-0.000021161262
-0.000021428571
-0.000022471516
-0.000022922875
-0.000023448729
-0.000024294479
-0.000024303243
-0.000025017528
-0.000025425066
-0.000025574058
-0.000026134969
-0.000025950920
-0.000026257669
-0.000026564417
-0.000026279579
-0.000026643295
-0.000026279579
-0.000026200701
-0.000026292726
-0.000025609115
-0.000025723050
-0.000025170903
-0.000024737073
-0.000024640666
-0.000023641543
-0.000023457493
-0.000022778265
-0.000021941280
-0.000021673970
-0.000020438212
-0.000019929886
-0.000019215600
-0.000017962314
-0.000017581069
-0.000016240140
-0.000015315513
-0.000014658195
-0.000013032428
-0.000012598598
-0.000011178791
-0.000009973707
-0.000009333918
-0.000007572305
-0.000006971954
-0.000005617879
-0.000004176161
-0.000003575811
-0.000001884312
-0.000001047327
0.000000070114
0.000001779141
0.000002156004
0.000003751096
0.000004785276
0.000005565294
0.000007471516
0.000007528484
0.000009088519
0.000010105171
0.000010582822
0.000012440841
0.000012234882
0.000013733567
0.000014636284
0.000014794040
0.000016384750
0.000016056091
0.000017375110
0.000018102542
0.000017944785
0.000019079755
0.000018891323
0.000019614373
0.000020359334
0.000019785276
0.000020521472
0.000020416301
0.000020473269
0.000021178791
0.000020210342
0.000020587204
0.000020635408
0.000019894829
0.000020578440
0.000019285714
0.000019333918
0.000019452235
0.000018001753
0.000018470640
0.000017068361
0.000016722174
0.000016805434
0.000014916740
0.000015109553
0.000013737949
0.000012979842
0.000012896582
0.000010797546
0.000010679229
0.000009390885
0.000008216477
0.000007957932
0.000005920245
0.000005490798
0.000004272568
0.000002839614
0.000002331288
0.000000477651
-0.000000184049
-0.000001354075
-0.000002852761
-0.000003597721
-0.000005092025
-0.000006113059
-0.000007011394
-0.000008606486
-0.000009382121
-0.000010565294
-0.000011822962
-0.000012480280
-0.000014014023
-0.000014702016
-0.000015683611
-0.000016936897
-0.000017379492
-0.000018729185
-0.000019325153
-0.000020070114
-0.000021187555
-0.000021402279
-0.000022489045
-0.000022931639
-0.000023448729
-0.000024303243
-0.000024276950
-0.000025052585
-0.000025407537
-0.000025560911
-0.000026143734
-0.000025920245
-0.000026314636
-0.000026524978
-0.000026292726
-0.000026617003
-0.000026292726
-0.000026213848
-0.000026279579
-0.000025626643
-0.000025723050
-0.000025170903
-0.000024719544
-0.000024649430
-0.000023641543
-0.000023461876
-0.000022795793
-0.000021914987
-0.000021678352
-0.000020438212
-0.000019943032
-0.000019202454
-0.000017962314
-0.000017611744
-0.000016209465
-0.000015354952
-0.000014609991
-0.000013063103
-0.000012607362
-0.000011126205
-0.000010013146
-0.000009294479
-0.000007581069
-0.000007007011
-0.000005595968
-0.000004158633
-0.000003597721
-0.000001853637
-0.000001113059
0.000000074496
0.000001805434
0.000002094654
0.000003891323
0.000004614373
0.000005683611
0.000007366345
0.000007594216
0.000009114812
0.000010056968
0.000010727432
0.000012239264
0.000012445223
0.000013553900
0.000014820333
0.000014715162
0.000016319018
0.000016209465
0.000017138475
0.000018378615
0.000017699387
0.000019224365
0.000018878177
0.000019522349
0.000020503944
0.000019561788
0.000020740578
0.000020267309
0.000020552147
0.000021161262
0.000020109553
0.000020810692
0.000020429448
0.000020087642
0.000020407537
0.000019368975
0.000019351446
0.000019377739
0.000018115688
0.000018317266
0.000017226117
0.000016621385
0.000016893076
0.000014842244
0.000015135846
0.000013777388
0.000012914110
0.000012905346
0.000010784400
0.000010718668
0.000009355828
0.000008317266
0.000007826468
0.000006064855
0.000005337423
0.000004377739
0.000002830850
0.000002248028
0.000000657318
-0.000000433830
-0.000001104294
-0.000003071867
-0.000003439965
-0.000005153374
-0.000006148116
-0.000006941280
-0.000008737949
-0.000009211218
-0.000010727432
-0.000011704645
-0.000012546012
-0.000014014023
-0.000014662577
-0.000015736196
-0.000016866784
-0.000017440841
-0.000018685364
-0.000019338300
-0.000020074496
-0.000021183173
-0.000021406661
-0.000022467134
-0.000022944785
-0.000023439965
-0.000024303243
-0.000024281332
-0.000025035057
-0.000025429448
-0.000025574058
-0.000026108677
-0.000025972831
-0.000026262051
-0.000026560035
-0.000026253287
-0.000026669588
-0.000026275197
-0.000026178791
-0.000026319018
-0.000025600351
-0.000025736196
-0.000025179667
-0.000024723926
-0.000024636284
-0.000023650307
-0.000023448729
-0.000022769500
-0.000021954426
-0.000021647677
-0.000020473269
-0.000019929886
-0.000019198072
-0.000017966696
-0.000017598598
-0.000016218230
-0.000015346188
-0.000014614373
-0.000013071867
-0.000012572305
-0.000011178791
-0.000010000000
-0.000009268186
-0.000007638037
-0.000006941280
-0.000005600351
-0.000004171779
-0.000003597721
-0.000001888694
-0.000001042945
0.000000056968
0.000001831727
0.000002055215
0.000003878177
0.000004684487
0.000005604733
0.000007458370
0.000007436459
0.000009268186
0.000009934268
0.000010753725
0.000012265557
0.000012296231
0.000013821209
0.000014509202
0.000014995618
0.000016143734
0.000016292726
0.000017217353
0.000018185802
0.000017966696
0.000018948291
0.000019084137
0.000019443471
0.000020477651
0.000019710780
0.000020517090
0.000020534619
0.000020302366
0.000021310254
0.000020087642
0.000020714286
0.000020600351
0.000019820333
0.000020674847
0.000019171779
0.000019509202
0.000019268186
0.000018001753
0.000018575811
0.000016941280
0.000016954426
0.000016520596
0.000015061350
0.000015122699
0.000013659071
0.000013185802
0.000012624890
0.000010964067
0.000010635408
0.000009390885
0.000008330412
0.000007787029
0.000006064855
0.000005368098
0.000004377739
0.000002817704
0.000002256792
0.000000644172
-0.000000416301
-0.000001117441
-0.000003028046
-0.000003505697
-0.000005061350
-0.000006248904
-0.000006853637
-0.000008751096
-0.000009268186
-0.000010639790
-0.000011840491
-0.000012405784
-0.000014110429
-0.000014605609
-0.000015758107
-0.000016910605
-0.000017366345
-0.000018768624
-0.000019259422
-0.000020140228
-0.000021152498
-0.000021402279
-0.000022497809
-0.000022896582
-0.000023479404
-0.000024263804
-0.000024312007
-0.000025017528
-0.000025420684
-0.000025574058
-0.000026113059
-0.000025977213
-0.000026253287
-0.000026581946
-0.000026257669
-0.000026617003
-0.000026327783
-0.000026170026
-0.000026305872
-0.000025604733
-0.000025731814
-0.000025179667
-0.000024706398
-0.000024684487
-0.000023593339
-0.000023514461
-0.000022721297
-0.000021967572
-0.000021682734
-0.000020420684
-0.000019956179
-0.000019176161
-0.000017997371
-0.000017572305
-0.000016226994
-0.000015346188
-0.000014574934
-0.000013128834
-0.000012546012
-0.000011200701
-0.000009934268
-0.000009360210
-0.000007572305
-0.000006989483
-0.000005617879
-0.000004158633
-0.000003619632
-0.000001805434
-0.000001174408
0.000000223488
0.000001621385
0.000002243646
0.000003773006
0.000004750219
0.000005657318
0.000007331288
0.000007616126
0.000009062226
0.000010135846
0.000010591586
0.000012388256
0.000012313760
0.000013667835
0.000014680105
0.000014767748
0.000016371604
0.000016104294
0.000017353199
0.000018106924
0.000017940403
0.000019035933
0.000018965819
0.000019588081
0.000020324277
0.000019851008
0.000020442594
0.000020543383
0.000020394391
0.000021174408
0.000020262927
0.000020503944
0.000020749343
0.000019785276
0.000020644172
0.000019263804
0.000019342682
0.000019412796
0.000017975460
0.000018558282
0.000016971954
0.000016875548
0.000016617003
0.000015030675
0.000015083260
0.000013689746
0.000013155127
0.000012677476
0.000010946538
0.000010604733
0.000009417178
0.000008282209
0.000007852761
0.000006029798
0.000005372480
0.000004351446
0.000002813322
0.000002344435
0.000000495180
-0.000000258545
-0.000001262051
-0.000002936021
-0.000003527607
-0.000005100789
-0.000006139351
-0.000006980719
-0.000008637160
-0.000009360210
-0.000010591586
-0.000011818580
-0.000012471516
-0.000014027169
-0.000014706398
-0.000015661700
-0.000016945662
-0.000017375110
-0.000018724803
-0.000019347064
-0.000020039439
-0.000021200701
-0.000021397897
-0.000022497809
-0.000022918493
-0.000023453111
-0.000024303243
-0.000024281332
-0.000025039439
-0.000025416301
-0.000025560911
-0.000026134969
-0.000025950920
-0.000026270815
-0.000026555653
-0.000026270815
-0.000026630149
-0.000026301490
-0.000026196319
-0.000026283961
-0.000025622261
-0.000025723050
-0.000025179667
-0.000024706398
-0.000024666959
-0.000023637160
-0.000023453111
-0.000022782647
-0.000021923751
-0.000021691499
-0.000020438212
-0.000019934268
-0.000019198072
-0.000017975460
-0.000017598598
-0.000016191937
-0.000015372480
-0.000014605609
-0.000013076249
-0.000012602980
-0.000011126205
-0.000010030675
-0.000009285714
-0.000007576687
-0.000006971954
-0.000005613497
-0.000004163015
-0.000003632778
-0.000001814198
-0.000001108677
0.000000092025
0.000001796670
0.000002063979
0.000003913234
0.000004640666
0.000005661700
0.000007383874
0.000007554777
0.000009132340
0.000010013146
0.000010758107
0.000012239264
0.000012440841
0.000013553900
0.000014776512
0.000014802805
0.000016257669
0.000016270815
0.000017059597
0.000018422436
0.000017716915
0.000019211218
0.000018873795
0.000019478528
0.000020552147
0.000019535495
0.000020780018
0.000020197195
0.000020578440
0.000021191937
0.000020052585
0.000020885188
0.000020311131
0.000020140228
0.000020446976
0.000019276950
0.000019531113
0.000019097283
0.000018374233
0.000018190184
0.000017239264
0.000016779141
0.000016612621
0.000015188431
0.000014802805
0.000014027169
0.000012835232
0.000012922875
0.000010872042
0.000010473269
0.000009658195
0.000007979842
0.000008128834
0.000005836985
0.000005398773
0.000004474145
0.000002581069
0.000002567923
0.000000341805
-0.000000188431
-0.000001235758
